alignment residue AA_type coverage variability_n variability_aa Score
         1       36          Q   0.94872   10                 WTVAERKQMG     14.57
         2       37          F   0.98462   12               VMATEPGQRSIF     17.12
         3       38          S   0.94359    8                   VIAMWPLS     14.53
         4       39          M   0.97949   12               GVALWSIPTCFM     16.79
         5       40          L   0.82564    7                    MLIASVF     10.36
         6       41          A   0.87179    7                    AGSTLVI     11.72
         7       42          A   0.96923    9                  IMLAVGCST     15.91
         8       43          Y   0.93846    7                    LVFAICY     14.51
         9       44          M   0.75897    6                     MVLGAI      8.90
        10       45          F   0.86667    6                     SATVGF     11.33
        11       46          L   0.97436    9                  VLCFAPIGT     16.67
        12       47          L   0.83590    8                   ILVAETFM     10.39
        13       48          I   0.66154    4                       VIAM      7.13
        14       49          M   0.81026    6                     LMIVTS      9.91
        15       50          L   0.95897    9                  AVCLTFMIG     15.30
        16       51          G   0.66667    5                      ITGAS      7.18
        17       52          F   0.77949    5                      VXMIF      9.22
        18       53          P   0.89231    8                   FAVMGLPI     12.72
        19       54          I   0.20513    2                         GI      1.00
        20       55          N   0.20513    1                          N      1.00
        21       56          F   0.71282    6                     VILASF      8.14
        22       57          L   0.26154    2                         LM      1.71
        23       58          T   0.20513    2                         VT      1.00
        24       59          L   0.56410    4                       ILTV      6.06
        25       60          Y   0.86154    7                    TVAILMY     11.05
        26       61          V   0.28718    3                        ASV      1.91
        27       62          T   0.32308    3                        IVT      2.01
        28       63          V   0.74872    6                     AVGTLF      8.74
        29       64          Q   0.68718    7                    KRLWCTQ      7.47
        30       72          L   0.25641    3                        TQL      1.64
        31       73          N   0.42051    3                        NHY      3.40
        32       74          Y   0.55897    7                    YCMLVIF      5.95
        33       75          I   0.36410    3                        FYI      2.80
        34       76          L   0.43590    4                       IVLQ      3.65
        35       77          L   0.58462    5                      TIMVL      6.22
        36       78          N   0.28718    2                         SN      1.91
        37       79          L   0.20513    1                          L      1.00
        38       80          A   0.36923    2                         AG      2.83
        39       81          V   0.90769    7                    CSTAVIM     13.32
        40       82          A   0.20513    1                          A      1.00
        41       83          D   0.20513    1                          D      1.00
        42       84          L   0.25641    2                         LI      1.64
        43       85          F   0.46154    4                       VLIF      3.85
        44       86          M   0.44615    3                        MVL      3.78
        45       87          V   0.48718    5                      GTSAV      4.35
        46       88          F   0.54359    7                    LVSFTAI      5.87
        47       89          G   0.71795    7                    AMILFTG      8.19
        48       90          G   0.48205    4                       VDIG      4.11
        49       91          F   0.61538    5                      VIMLF      6.78
        50       92          T   0.20513    2                         PT      1.00
        51       93          T   0.42564    5                      FLPVT      3.54
        52       94          T   0.39487    4                       GAST      3.14
        53       95          L   0.34872    3                        ATL      2.49
        54       96          Y   0.84615    6                     SCATIY     10.56
        55       97          T   0.72308    9                  HSYILFMNT      8.27
        56      108          T   0.96410    7                    FITMVPA     15.85
        57      109          G   0.62564    7                    WLFGCSV      6.81
        58      110          C   0.20513    1                          C      1.00
        59      111          N   0.73333    7                    ENDGVAS      8.37
        60      112          L   0.83077    5                      FLCIV     10.38
        61      113          E   0.25641    3                        WYE      1.64
        62      114          G   0.38462    5                      TIALG      3.03
        63      115          F   0.33846    3                        SAF      2.41
        64      116          F   0.57436    6                     IVTALF      6.08
        65      117          A   0.20513    2                         DA      1.00
        66      118          T   0.52308    4                       VIMT      5.17
        67      119          L   0.20513    1                          L      1.00
        68      120          G   0.25641    3                        CFG      1.64
        69      121          G   0.32308    3                        VCG      2.01
        70      122          E   0.20513    2                         TE      1.00
        71      123          I   0.33333    3                        ASI      2.27
        72      124          A   0.20513    2                         SA      1.00
        73      125          L   0.20513    2                         IL      1.00
        74      126          W   0.65128    8                   EMILVATW      7.05
        75      127          S   0.49231    4                       TGSH      4.58
        76      128          L   0.20513    1                          L      1.00
        77      129          V   0.20513    2                         CV      1.00
        78      130          V   0.60513    4                       VAIT      6.74
        79      131          L   0.29231    2                         IL      1.92
        80      132          A   0.41538    2                         AS      3.37
        81      133          I   0.54872    3                        VIL      5.92
        82      134          E   0.20513    2                         DE      1.00
        83      135          R   0.20513    1                          R      1.00
        84      136          Y   0.35897    3                        YHC      2.62
        85      137          V   0.80513    6                     VILFWM      9.91
        86      138          V   0.44103    4                       AGSV      3.68
        87      139          V   0.45128    2                         IV      3.80
        88      140          C   0.53333    5                      TSRKC      5.52
        89      141          K   0.85641    9                  SALNRYHQK     10.86
        90      153          A   0.51795    4                       AGIV      5.13
        91      154          I   0.78462    8                   RCKLWVIA      9.38
        92      155          M   1.00000   10                 VMIGATLRCS     21.51
        93      156          G   0.82051    7                    VILATMG     10.17
        94      157          V   0.50256    4                       IVLM      5.02
        95      158          A   0.91282    9                  LVCAMIFTS     13.53
        96      159          F   0.93333   10                 MLTSVCGIAF     14.49
        97      160          T   0.38974    3                        VLT      3.07
        98      161          W   0.20513    1                          W      1.00
        99      162          V   0.98974    7                    IVLGAMF     17.55
       100      163          M   0.63590    6                     VILFSM      6.93
       101      164          A   0.51282    2                         SA      5.09
       102      165          L   0.75385    7                    GTALVIM      8.78
       103      166          A   0.70256    6                     LTAFVI      7.75
       104      167          C   0.49744    4                       TIVC      4.80
       105      168          A   0.21026    3                        SPA      1.56
       106      169          A   0.76410    8                   FIVMCLSA      8.93
       107      170          P   0.45641    5                      LAVGP      3.83
       108      171          P   0.20513    1                          P      1.00
       109      172          L   0.32308    2                         IL      2.01
       110      173          V   0.89744    9                  QKCHLFMIV     12.84
       111      174          G   0.69231    7                    MSNGTYL      7.62
       112      175          W   0.92821    9                  HKQWIFMLT     14.33
       113      202          S   0.70769    7                    APGTSFW      7.92
       114      203          F   0.26667    2                         YF      1.77
       115      204          V   0.61026    3                        AVI      6.74
       116      205          I   0.80000    5                      IVLPF      9.80
       117      206          Y   0.79487    8                   ASTLIVFY      9.79
       118      207          M   0.20513    2                         SM      1.00
       119      208          F   0.69744    5                      SACTF      7.74
       120      209          V   0.88718    7                    IVSTLMA     12.42
       121      210          V   0.64615    6                     VIGCFA      7.02
       122      211          H   0.29744    3                        SFH      1.92
       123      212          F   0.20513    1                          F      1.00
       124      213          I   0.25641    3                        YFI      1.64
       125      214          I   0.85128    5                      VLIFA     10.66
       126      215          P   0.20513    1                          P      1.00
       127      216          L   0.43077    4                       LMCG      3.61
       128      217          I   0.92308    8                   VCALITMF     14.27
       129      218          V   0.55385    2                         VI      5.95
       130      219          I   0.28718    2                         MI      1.91
       131      220          F   0.78974    6                     VIALGF      9.63
       132      221          F   0.56923    6                     FVASLT      6.07
       133      222          C   0.28718    3                        VMC      1.91
       134      223          Y   0.20513    1                          Y      1.00
       135      224          G   0.95385    9                  SAGLIVCFM     14.60
       136      225          Q   0.40513    3                        RKQ      3.18
       137      226          L   0.25641    3                        VIL      1.64
       138      227          V   0.46667    4                       FYWV      3.88
       139      228          F   0.88205    8                   QRKVLAIF     12.20
       140      229          T   0.58974    4                       VEIT      6.25
       141      230          V   0.20513    2                         AV      1.00
       142      250          V   0.25641    3                        AFV      1.64
       143      251          T   0.34359    3                        LAT      2.42
       144      252          R   0.47692    4                       KRCF      3.98
       145      253          M   0.25641    3                        TVM      1.64
       146      254          V   0.20513    2                         LV      1.00
       147      255          I   0.41026    4                       GATI      3.34
       148      256          I   0.37436    3                        ILV      2.99
       149      257          M   0.32308    3                        IVM      2.01
       150      258          V   0.52821    3                        MVI      5.42
       151      259          I   0.20513    2                         GI      1.00
       152      260          A   0.67692    6                     TIVCMA      7.33
       153      261          F   0.20513    1                          F      1.00
       154      262          L   0.60000    6                     TSAVIL      6.39
       155      263          I   0.53846    3                        LVI      5.73
       156      264          C   0.20513    1                          C      1.00
       157      265          W   0.20513    1                          W      1.00
       158      266          L   0.35385    2                         LF      2.61
       159      267          P   0.20513    1                          P      1.00
       160      268          Y   0.20513    2                         FY      1.00
       161      269          A   0.20513    2                         FA      1.00
       162      270          G   0.73846    5                      ILVFG      8.40
       163      271          V   0.84103    5                      VLATS     10.50
       164      272          A   0.47179    5                      NMLYA      3.96
       165      273          F   0.67179    7                    IVPTMSF      7.27
       166      274          Y   0.64103    6                     VLMIFY      6.98
       167      275          I   0.91795   11                HQVKNRGITMY     13.94
       168      276          F   0.74359    6                     VGATSF      8.70
       169      277          T   0.90256    6                     IMFLVT     12.98
       170      286          I   0.99487   14             EDKLMRWGPSQTAI     18.83
       171      287          F   0.77436    7                    VIAPLTF      9.07
       172      288          M   0.50769    5                      YFLSM      5.06
       173      289          T   0.87692   10                 ITRVLKSNQF     12.17
       174      290          I   0.76923    8                   LFIATVMK      9.00
       175      291          P   0.59487    7                    LFVATIP      6.35
       176      292          A   0.32308    3                        NFA      2.01
       177      293          F   0.20513    2                         WF      1.00
       178      294          F   0.63077    4                       LVIF      6.91
       179      295          A   0.20513    2                         GA      1.00
       180      296          K   0.20513    2                         YK      1.00
       181      297          T   0.72821    7                    VIALFCT      8.33
       182      298          S   0.20513    2                         NS      1.00
       183      299          A   0.20513    2                         SA      1.00
       184      300          V   0.62051    5                      AGCSV      6.79
       185      301          Y   0.65641    5                      FLIVY      7.06
       186      302          N   0.21538    2                         NY      1.63
       187      303          P   0.20513    1                          P      1.00
       188      304          V   0.68205    4                       LIVA      7.41
       189      305          I   0.20513    1                          I      1.00
       190      306          Y   0.20513    1                          Y      1.00
       191      307          I   0.40000    5                      CPLTI      3.16
       192      308          M   0.57949    6                     RHCIVM      6.16
       193      309          M   0.32821    4                       SYFM      2.16
       194      310          N   0.37949    3                        PSN      3.02
       195      311          K   0.81538    7                    DEQKRHN     10.10
